66666666666666666666666666666666666666666666666666666666666666666666666666666666666666666666666666666
60000000000000000000000000000000000000000000000000000000000000000000000000000000000000000000000000006
60000000000000000000000000000000000000000000000000000000000000000000000000000000000000000000000000006
60000000000000000000000000000000000000000000000000000000000000000000000000000000000000000000000000006
60000000000000000000000000000000000000000000000000000000000000000000000000000000000000000000000000006
60000000000000000000000000000000000000000000000000000000000000000000000000000000000000000000000000006
60000000000000000000000000000000000000000000000000000000000000000000000000000000000000000000000000006
60000000000000000000000000000000000000000000000000000000000000000000000000000000000000000000000000006
60000000000000000000000000000000000000000000000000000000000000000000000000000000000000000000000000006
60000000000000000000000000000000000000000000000000000000000000000000000000000000000000000000000000006
60000000000000000000000000000000000000000000000000000000000000000000000000000000000000000000000000006
60000000000000000000000000000000000000000000000000000000000000000000000000000000000000000000000000006
60000000000000000000000000000000000000000000000000000000000000000000000000000000000000000000000000006
60000000000000000000000000000000000000000000000000000000000000000000000000000000000000000000000000006
60000000000000000000000000000000000000000000000000000000000000000000000000000000000000000000000000006
60000000000000000000000000000000000000000000000000000000000000000000000000000000000000000000000000006
60000000000000000000000000000000000000000000000000000000000000000000000000000000000000000000000000006
60000000000000000000000000000000000000000000000000000000000000000000000000000000000000000000000000006
60000000000000000000000000000000000000000000000000000000000000000000000000000000000000000000000000006
60000000000000000000000000000000000000000000000000000000000000000000000000000000000000000000000000006
60000000000000000000000000000000000000000000000000000000000000000000000000000000000000000000000000006
60000000000000000000000000000000000000000000000000000000000000000000000000000000000000000000000000006
60000000000000000000000000000000000000000000000000000000000000000000000000000000000000000000000000006
60000000000000000000000000000000000000000000000000000000000000000000000000000000000000000000000000006
60000000000000000000000000000000000000000000000000000000000000000000000000000000000000000000000000006
60000000000000000000000000000000000000000000000000000000000000000000000000000000000000000000000000006
60000000000000000000000000000000000000000000000000000000000000000000000000000000000000000000000000006
60000000000000000000000000000000000000000000000000000000000000000000000000000000000000000000000000006
60000000000000000000000000000000000000000000000000000000000000000000000000000000000000000000000000006
60000000000000000000000000000000000000000000000000000000000000000000000000000000000000000000000000006
60000000000000000000000000000000000000000000000000000000000000000000000000000000000000000000000000006
60000000000000000000000000000000000000000000000000000000000000000000000000000000000000000000000000006
60000000000000000000000000000000000000000000000000000000000000000000000000000000000000000000000000006
60000000000000000000000000000000000000000000000000000010000111111000010000000000000000000000000000006
60000000000000000000000000000000000000000000000000000000000122221000000000000000000000000000000000006
60000000000000000000000000000000000000000000000000000000000123321000000000000000000000000000000000006
60000000000000000000000000000000000000000000000000000000011233332110000000000000000000000000000000006
60000000000000000000000000000000000000000000000000000000012333333210000000000000000000000000000000006
60000000000000000000000000000000000000000000000000000011123344443321110000000000000000000000000000006
60000000000000000000000000000000000000000000000000000012234444444432210000000000000000000000000000006
60000000000000000000000000000000000000000000000000000012344444444443210000000000000000000000000000006
60000000000000000000000000000000000000000000000000000012344444444443210000000000000000000000000000006
60000000000000000000000000000000000000000000000000000012234444444432210000000000000000000000000000006
60000000000000000000000000000000000000000000000000000011123344443321110000000000000000000000000000006
60000000000000000000000000000000000000000000000400000000012333333210000000000000000000000000000000006
60000000000000000000000000000000000000000000000000000000011233332110000000000000000000000000000000006
60000000000000000000000000000000000000000000000000000000000123321000000000000000000000000000000000006
60000000000000000000000000000000000000000000000000000000000122221000000000000000000000000000000000006
60000000000000000000000000000000000000000000000000000010000111111000010000000000000000000000000000006
60000000000000000000000000000000000000000000000000000000000000000000000000000000000000000000000000006
60000000000000000000000000000000000000000000000000000000000000000000000000000000000000000000000000006
60000000000000000000000000000000000000000000000000000000000000000000000000000000000000000000000000006
60000000000000000000000000000000000000000000000000000000000000000000000000000000000000000000000000006
60000000000000000000000000000000000000000000000000000000000000000000000000000000000000000000000000006
60000000000000000000000000000000000000000000000000000000000000000000000000000000000000000000000000006
60000000000000000000000000000000000000000000000000000000000000000000000000000000000000000000000000006
60000000000000000000000000000000000000000000000000000000000000000000000000000000000000000000000000006
60000000000000000000000000000000000000000000000000000000400000000000000000000000000000000000000000006
60000000000000000000000000000000000000000000000000000000000000000000000000000000000000000000000000006
60000000000000000000000000000000000000000000000000000000000000000000000000000000000000000000000000006
60000000000000000000000000000000000000000000000000000000000000000000000000000000000000000000000000006
60000000000000000000000000000000000000000000000000000000000000000000000000000000000000000000000000006
60000000000000000000000000000000000000000000000000000000000000000000000000000000000000000000000000006
60000000000000000000000000000000000000000000000000000000000000000000000000000000000000000000000000006
60000000000000000000000000000000000000000000000000000000000000000000000000000000000000000000000000006
60000000000000000000000000000000000000000000000000000000000000000000000000000000000000000000000000006
60000000000000000000000000000000000000000000000000000000000000000000000000000000000000000000000000006
60000000000000000000000000000000000000000000000000000000000000000000000000000000000000000000000000006
60000000000000000000000000000000000000000000000000000000000000000000000000000000000000000000000000006
60000000000000000000000000000000000000000000000000000000000000000000000000000000000000000000000000006
60000000000000000000000000000000000000000000000000000000000000000000000000000000000000000000000000006
60000000000000000000000000000000000000000000000000000000000000000000000000000000000000000000000000006
60000000000000000000000000000000000000000000000000000000000000000000000000000000000000000000000000006
60000000000000000000000000000000000000000000000000000000000000000000000000000000000000000000000000006
60000000000000000000000000000000000000000000000000000000000000000000000000000000000000000000000000006
60000000000000000000000000000000000000000000000000000000000000000000000000000000000000000000000000006
60000000000000000000000000000000000000000000000000000000000000000000000000000000000000000000000000006
60000000000000000000000000000000000000000000000000000000000000000000000000000000000000000000000000006
60000000000000000000000000000000000000000000000000000000000000000000000000000000000000000000000000006
60000000000000000000000000000000000000000000000000000000000000000000000000000000000000000000000000006
60000000000000000000000000000000000000000000000000000000000000000000000000000000000000000000000000006
60000000000000000000000000000000000000000000000000000000000000000000000000000000000000000000000000006
60000000000000000000000000000000000000000000000000000000000000000000000000000000000000000000000000006
60000000000000000000000000000000000000000000000000000000000000000000000000000000000000000000000000006
60000000000000000000000000000000000000000000000000000000000000000000000000000000000000000000000000006
60000000000000000000000000000000000000000000000000000000000000000000000000000000000000000000000000006
60000000000000000000000000000000000000000000000000000000000000000000000000000000000000000000000000006
60000000000000000000000000000000000000000000000000000000000000000000000000000000000000000000000000006
60000000000000000000000000000000000000000000000000000000000000000000000000000000000000000000000000006
60000000000000000000000000000000000000000000000000000000000000000000000000000000000000000000000000006
60000000000000000000000000000000000000000000000000000000000000000000000000000000000000000000000000006
60000000000000000000000000000000000000000000000000000000000000000000000000000000000000000000000000006
60000000000000000000000000000000000000000000000000000000000000000000000000000000000000000000000000006
60000000000000000000000000000000000000000000000000000000000000000000000000000000000000000000000000006
60000000000000000000000000000000000000000000000000000000000000000000000000000000000000000000000000006
60000000000000000000000000000000000000000000000000000000000000000000000000000000000000000000000000006
60000000000000000000000000000000000000000000000000000000000000000000000000000000000000000000000000006
60000000000000000000000000000000000000000000000000000000000000000000000000000000000000000000000000006
60000000000000000000000000000000000000000000000000000000000000000000000000000000000000000000000000006
66666666666666666666666666666666666666666666666666666666666666666666666666666666666666666666666666666
-49-49-49-49-49-49-49-49-49-49-49-49-49-49-49-49-49-49-49-49-49-49-49-49-49-49-49-49-49-49-49-49-49-49-49-49-49-49-49-49-49-49-49-49-49-49-49-49-49-49-49-49-49-49-49-49-49-49-49-49-49-49-49-49-49-49-49-49-49-49-49-49-49-49-49-49-49-49-49-49-49-49-49-49-49-49-49-49-49-49-49-49-49-49-49-49-49-49-49-49-49
